
KNN (k=3)
0.7757978723404255 (gewoon: score, niet f1)
[[2853  490]
 [ 353   64]]


KNN final
[[3206  554]
 [   0    0]]
[0.7367956100420558, 0.7780680142862356, 0.7623264146711892, 0.7830647058346379, 0.7731298412893721, 0.7851230157146091, 0.7821802945546288, 0.7848535663892855, 0.7833675855680021, 0.7844187164621067, 0.7827717924658307, 0.7869853116430949, 0.7873100779300874, 0.7860309186345972, 0.7849710226919249, 0.784756706567273, 0.7840319017525312, 0.7853698200430183, 0.7843443928529156, 0.7840257685283707, 0.7840680440350872, 0.7837587413913739, 0.7832242675562043, 0.7832599024593223, 0.7830905614948025, 0.7833924774767885, 0.7827292208786162, 0.7835250143760782, 0.7837587413913739, 0.7840547811200783, 0.7837899738858685, 0.7841871276748571, 0.7844260477627101, 0.7844517067417138, 0.7839223965292151, 0.7847161338607933, 0.7845839392865436, 0.7848482904808156, 0.7847161338607933, 0.7848482904808156, 0.7848482904808156, 0.7848482904808156, 0.7848482904808156, 0.7848482904808156, 0.7848482904808156, 0.7848482904808156, 0.7847161338607933, 0.7848482904808156, 0.7848482904808156]



DecisionTree standard settings
0.7079787234042553
[[2561  453]
 [ 645  101]]

DecisionTree  minsamplessplit 500
[[3106  539]
 [ 100   15]]
[0.7391361440911781, 0.7481594666104722, 0.7542338140519562, 0.7624292509024114, 0.7668339350438367, 0.765466081079986, 0.7664147043202827, 0.7696626237234786, 0.7709034136730828, 0.7705932538422618, 0.7728537289187759, 0.7732859343254866, 0.7735911507372099, 0.7735231518484935, 0.7739778795071995, 0.7730909476806042, 0.7738774951276662, 0.7744407126879561, 0.7744407126879561, 0.7740263343965323, 0.7740263343965323, 0.7738217166809952, 0.773744475790287, 0.773744475790287, 0.7747694418823806, 0.7753705127958079, 0.7797383100984521, 0.7797383100984521, 0.7802338635357611, 0.7797383100984521]

